24 9716 218 42 27 51 10 0.25 0.87 0.87
generators
16.00 40.00 70.00 O
76.00 152.00 55.00 C
16.00 40.00 70.00 O
76.00 152.00 55.00 C
120.00 300.00 60.00 O
236.40 591.00 55.00 O
24.00 60.00 80.00 O
77.50 155.00 45.00 C
77.50 155.00 45.00 C
280.00 400.00 35.00 N
280.00 400.00 35.00 N
0.00 300.00 10.00 H
155.00 310.00 45.00 C
175.00 350.00 40.00 C
16.00 40.00 70.00 O
76.00 152.00 55.00 C
16.00 40.00 70.00 O
76.00 152.00 55.00 C
120.00 300.00 60.00 O
236.40 591.00 55.00 O
24.00 60.00 80.00 O
77.50 155.00 45.00 C
77.50 155.00 45.00 C
280.00 400.00 35.00 N
280.00 400.00 35.00 N
0.00 300.00 10.00 H
155.00 310.00 45.00 C
175.00 350.00 40.00 C
16.00 40.00 70.00 O
76.00 152.00 55.00 C
16.00 40.00 70.00 O
76.00 152.00 55.00 C
120.00 300.00 60.00 O
236.40 591.00 55.00 O
24.00 60.00 80.00 O
77.50 155.00 45.00 C
77.50 155.00 45.00 C
280.00 400.00 35.00 N
280.00 400.00 35.00 N
0.00 300.00 10.00 H
155.00 310.00 45.00 C
175.00 350.00 40.00 C
consumers
totloads
6926
6828
6730
6633
6535
6484
6433
6382
6331
6297
6262
6228
6194
6160
6126
6091
6181
6205
6229
6253
6278
6394
6509
6625
perloads
1.27
1.13
2.10
0.87
0.83
1.60
1.47
2.00
2.03
2.27
3.10
2.27
3.70
1.17
3.90
2.13
1.50
1.27
1.13
2.10
0.87
0.83
1.60
1.47
2.00
2.03
2.27
3.10
2.27
3.70
1.17
3.90
2.13
1.50
1.27
1.13
2.10
0.87
0.84
1.60
1.47
2.00
2.03
2.27
3.10
2.27
3.70
1.17
3.90
2.13
1.50
rgenerators
300
0.5
1.25
350 W
350 W
350 W
350 W
350 W
350 W
350 W
350 W
350 W
350 W
350 W
350 W
350 W
350 W
350 W
55 S
55 S
55 S
55 S
55 S
55 S
55 S
55 S
55 S
55 S
55 S
55 S
wind
0.43
0.43
0.086
0.128
0.16
0.376
0.302
0.79
0.528
0.598
0.864
0.696
0.256
0.768
0.92
0.40
0.27
0.398
0.214
0.096
0.08
0.312
0.37
0.37
solar
0.00
0.00
0.00
0.00
0.00
0.04
0.09
0.18
0.32
0.47
0.70
0.83
0.89
0.86
0.77
0.55
0.38
0.23
0.12
0.06
0.01
0.00
0.00
0.00
storage
27 131 27
27 131 27
27 131 27
27 131 27
75 375 75
75 375 75
75 375 75
75 375 75
75 375 75
75 375 75
network
93 94 0.0001 1000
93 97 0.0001 1000
94 98 0.0001 1000
95 101 0.0001 1000
95 116 0.0001 1000
96 101 0.0001 1000
97 102 0.0001 1000
98 102 0.0001 1000
99 100 0.0001 1000
99 119 0.0001 1000
100 101 0.0001 1000
100 102 0.0001 1000
101 103 0.0001 1000
101 104 0.0001 1000
102 103 0.0001 1000
102 104 0.0001 1000
103 105 0.0001 1000
103 106 0.0001 1000
104 105 0.0001 1000
105 131 0.0001 1000
106 108 0.0001 1000
107 108 0.0001 1000
107 113 0.0001 1000
107 116 0.0001 1000
108 109 0.0001 1000
108 111 0.0001 1000
109 110 0.0001 1000
110 113 0.0001 1000
111 112 0.0001 1000
112 115 0.0001 1000
113 114 0.0001 1000
115 133 0.0001 1000
117 118 0.0001 1000
117 121 0.0001 1000
118 120 0.0001 1000
118 122 0.0001 1000
119 125 0.0001 1000
119 140 0.0001 1000
120 125 0.0001 1000
121 126 0.0001 1000
122 126 0.0001 1000
123 124 0.0001 1000
124 125 0.0001 1000
124 126 0.0001 1000
125 127 0.0001 1000
125 128 0.0001 1000
126 127 0.0001 1000
126 128 0.0001 1000
127 129 0.0001 1000
127 130 0.0001 1000
128 129 0.0001 1000
130 132 0.0001 1000
131 132 0.0001 1000
131 137 0.0001 1000
131 140 0.0001 1000
132 133 0.0001 1000
132 135 0.0001 1000
133 134 0.0001 1000
134 137 0.0001 1000
135 136 0.0001 1000
136 139 0.0001 1000
137 138 0.0001 1000
141 142 0.0001 1000
141 145 0.0001 1000
142 144 0.0001 1000
142 146 0.0001 1000
143 149 0.0001 1000
143 164 0.0001 1000
144 149 0.0001 1000
145 150 0.0001 1000
146 150 0.0001 1000
147 148 0.0001 1000
148 149 0.0001 1000
148 150 0.0001 1000
149 151 0.0001 1000
149 152 0.0001 1000
150 151 0.0001 1000
150 152 0.0001 1000
151 153 0.0001 1000
151 154 0.0001 1000
152 153 0.0001 1000
154 156 0.0001 1000
155 156 0.0001 1000
155 161 0.0001 1000
155 164 0.0001 1000
156 157 0.0001 1000
156 159 0.0001 1000
157 158 0.0001 1000
158 161 0.0001 1000
159 160 0.0001 1000
160 163 0.0001 1000
161 162 0.0001 1000
163 165 0.0001 1000
0 93 0.0001 1000
1 93 0.0001 1000
93 42 0.0001 1000
2 94 0.0001 1000
3 94 0.0001 1000
94 43 0.0001 1000
95 44 0.0001 1000
96 45 0.0001 1000
97 46 0.0001 1000
98 47 0.0001 1000
4 99 0.0001 1000
99 48 0.0001 1000
100 49 0.0001 1000
101 50 0.0001 1000
102 51 0.0001 1000
105 52 0.0001 1000
5 105 0.0001 1000
106 53 0.0001 1000
107 54 0.0001 1000
6 107 0.0001 1000
7 107 0.0001 1000
108 55 0.0001 1000
8 108 0.0001 1000
110 56 0.0001 1000
9 110 0.0001 1000
111 57 0.0001 1000
112 58 0.0001 1000
10 113 0.0001 1000
11 114 0.0001 1000
12 115 0.0001 1000
13 115 0.0001 1000
14 117 0.0001 1000
15 117 0.0001 1000
117 59 0.0001 1000
16 118 0.0001 1000
17 118 0.0001 1000
118 60 0.0001 1000
119 61 0.0001 1000
120 62 0.0001 1000
121 63 0.0001 1000
122 64 0.0001 1000
18 123 0.0001 1000
123 65 0.0001 1000
124 66 0.0001 1000
125 67 0.0001 1000
126 68 0.0001 1000
129 69 0.0001 1000
19 129 0.0001 1000
130 70 0.0001 1000
131 71 0.0001 1000
20 131 0.0001 1000
21 131 0.0001 1000
132 72 0.0001 1000
22 132 0.0001 1000
134 73 0.0001 1000
23 134 0.0001 1000
135 74 0.0001 1000
136 75 0.0001 1000
24 137 0.0001 1000
25 138 0.0001 1000
26 139 0.0001 1000
27 139 0.0001 1000
28 141 0.0001 1000
29 141 0.0001 1000
141 76 0.0001 1000
142 77 0.0001 1000
30 142 0.0001 1000
31 142 0.0001 1000
143 78 0.0001 1000
144 79 0.0001 1000
145 80 0.0001 1000
146 81 0.0001 1000
147 82 0.0001 1000
32 147 0.0001 1000
148 83 0.0001 1000
149 84 0.0001 1000
150 85 0.0001 1000
153 86 0.0001 1000
33 153 0.0001 1000
154 87 0.0001 1000
155 88 0.0001 1000
34 155 0.0001 1000
35 155 0.0001 1000
156 89 0.0001 1000
36 156 0.0001 1000
158 90 0.0001 1000
37 158 0.0001 1000
159 91 0.0001 1000
160 92 0.0001 1000
38 161 0.0001 1000
39 162 0.0001 1000
40 163 0.0001 1000
41 163 0.0001 1000
109 166 0.0001 1000
114 166 0.0001 1000
133 167 0.0001 1000
138 167 0.0001 1000
157 168 0.0001 1000
162 168 0.0001 1000
139 169 0.0001 1000
158 169 0.0001 1000
113 170 0.0001 1000
165 170 0.0001 1000
104 171 0.0001 1000
115 171 0.0001 1000
128 172 0.0001 1000
139 172 0.0001 1000
152 173 0.0001 1000
163 173 0.0001 1000
105 174 0.0001 1000
115 174 0.0001 1000
129 175 0.0001 1000
139 175 0.0001 1000
153 176 0.0001 1000
163 176 0.0001 1000
93 177 0.0001 1000
95 177 0.0001 1000
117 178 0.0001 1000
119 178 0.0001 1000
141 179 0.0001 1000
143 179 0.0001 1000
94 180 0.0001 1000
96 180 0.0001 1000
181 166 0.0001 1000
182 167 0.0001 1000
183 168 0.0001 1000
184 169 0.0001 1000
185 170 0.0001 1000
186 171 0.0001 1000
187 172 0.0001 1000
188 173 0.0001 1000
189 174 0.0001 1000
190 175 0.0001 1000
191 176 0.0001 1000
192 177 0.0001 1000
193 178 0.0001 1000
194 179 0.0001 1000
195 180 0.0001 1000
196 110 0.0001 1000
197 134 0.0001 1000
198 158 0.0001 1000
199 107 0.0001 1000
200 131 0.0001 1000
201 155 0.0001 1000
202 105 0.0001 1000
203 129 0.0001 1000
204 153 0.0001 1000
205 102 0.0001 1000
206 126 0.0001 1000
207 150 0.0001 1000
208 178 0.0001 1000
209 118 0.0001 1000
210 150 0.0001 1000
211 122 0.0001 1000
212 133 0.0001 1000
213 173 0.0001 1000
214 157 0.0001 1000
215 109 0.0001 1000
216 132 0.0001 1000
217 156 0.0001 1000
