number of time periods, daily max load demand, total number of nodes, number of convential plants, number of renewable plants, number of loads, number of storage systems, duration of each step, charge and discharge efficiency of storages.
96 9716 218 42 27 51 10 0.25 0.87 0.87
generators
16.00 40.00 70.00 T
76.00 152.00 55.00 T
16.00 40.00 70.00 T
76.00 152.00 55.00 T
120.00 300.00 60.00 T
236.40 591.00 55.00 T
24.00 60.00 80.00 T
77.50 155.00 45.00 T
77.50 155.00 45.00 T
280.00 400.00 35.00 T
280.00 400.00 35.00 T
0.00 300.00 10.00 H
155.00 310.00 45.00 T
175.00 350.00 40.00 T
16.00 40.00 70.00 T
76.00 152.00 55.00 T
16.00 40.00 70.00 T
76.00 152.00 55.00 T
120.00 300.00 60.00 T
236.40 591.00 55.00 T
24.00 60.00 80.00 T
77.50 155.00 45.00 T
77.50 155.00 45.00 T
280.00 400.00 35.00 T
280.00 400.00 35.00 T
0.00 300.00 10.00 H
155.00 310.00 45.00 T
175.00 350.00 40.00 T
16.00 40.00 70.00 T
76.00 152.00 55.00 T
16.00 40.00 70.00 T
76.00 152.00 55.00 T
120.00 300.00 60.00 T
236.40 591.00 55.00 T
24.00 60.00 80.00 T
77.50 155.00 45.00 T
77.50 155.00 45.00 T
280.00 400.00 35.00 T
280.00 400.00 35.00 T
0.00 300.00 10.00 H
155.00 310.00 45.00 T
175.00 350.00 40.00 T
consumers
totloads | Maximum load of consumers
6926
6828
6730
6633
6535
6484
6433
6382
6331
6297
6262
6228
6194
6160
6126
6091
6181
6205
6229
6253
6278
6394
6509
6625
6741
6981
7221
7461
7701
7964
8227
8490
8753
8902
9051
9200
9350
9411
9472
9534
9595
9625
9656
9686
9716
9627
9538
9449
9360
9351
9342
9334
9325
9378
9430
9483
9536
9542
9549
9555
9562
9568
9575
9581
9588
9528
9468
9408
9348
9252
9156
9060
8963
8904
8845
8785
8726
8705
8683
8662
8640
8627
8613
8600
8587
8463
8339
8215
8090
7946
7801
7657
7512
7366
7219
7073
perloads | Percentage of the maximum load that is being consumed.
1.27
1.13
2.10
0.87
0.83
1.60
1.47
2.00
2.03
2.27
3.10
2.27
3.70
1.17
3.90
2.13
1.50
1.27
1.13
2.10
0.87
0.83
1.60
1.47
2.00
2.03
2.27
3.10
2.27
3.70
1.17
3.90
2.13
1.50
1.27
1.13
2.10
0.87
0.84
1.60
1.47
2.00
2.03
2.27
3.10
2.27
3.70
1.17
3.90
2.13
1.50
rgenerators
300
0.5
1.25
350 W
350 W
350 W
350 W
350 W
350 W
350 W
350 W
350 W
350 W
350 W
350 W
350 W
350 W
350 W
55 S
55 S
55 S
55 S
55 S
55 S
55 S
55 S
55 S
55 S
55 S
55 S
wind
0.43
0.43
0.43
0.43
0.43
0.43
0.43
0.43
0.00
0.00
0.00
0.00
0.16
0.16
0.16
0.16
0.16
0.16
0.16
0.16
0.43
0.43
0.43
0.43
0.27
0.27
0.27
0.27
0.92
0.92
0.92
0.92
0.43
0.43
0.43
0.43
0.64
0.64
0.64
0.64
0.92
0.92
0.92
0.92
0.64
0.64
0.64
0.64
0.16
0.16
0.16
0.16
0.92
0.92
0.92
0.92
0.92
0.92
0.92
0.92
0.27
0.27
0.27
0.27
0.27
0.27
0.27
0.27
0.43
0.43
0.43
0.43
0.16
0.16
0.16
0.16
0.08
0.08
0.08
0.08
0.08
0.08
0.08
0.08
0.37
0.37
0.37
0.37
0.37
0.37
0.37
0.37
0.37
0.37
0.37
0.37
solar
0.00
0.00
0.00
0.00
0.00
0.00
0.00
0.00
0.00
0.00
0.00
0.00
0.00
0.00
0.00
0.00
0.00
0.00
0.00
0.00
0.05
0.05
0.05
0.05
0.10
0.10
0.10
0.10
0.20
0.20
0.20
0.20
0.35
0.35
0.35
0.35
0.50
0.50
0.50
0.50
0.75
0.75
0.75
0.75
0.85
0.85
0.85
0.85
0.90
0.90
0.90
0.90
0.85
0.85
0.85
0.85
0.75
0.75
0.75
0.75
0.50
0.50
0.50
0.50
0.35
0.35
0.35
0.35
0.20
0.20
0.20
0.20
0.10
0.10
0.10
0.10
0.05
0.05
0.05
0.05
0.00
0.00
0.00
0.00
0.00
0.00
0.00
0.00
0.00
0.00
0.00
0.00
0.00
0.00
0.00
0.00
storage
27 131 27
27 131 27
27 131 27
27 131 27
75 375 75
75 375 75
75 375 75
75 375 75
75 375 75
75 375 75
network
93 94 0.0140 131
93 97 0.0850 131
94 98 0.1920 131
95 101 0.0310 131
95 116 0.0840 300
96 101 0.1040 131
97 102 0.0880 131
98 102 0.0610 131
99 100 0.0610 131
99 119 0.1610 131
100 101 0.1650 131
100 102 0.1650 131
101 103 0.0840 300
101 104 0.0840 300
102 103 0.0840 300
102 104 0.0840 300
103 105 0.0480 375
103 106 0.0420 375
104 105 0.0480 375
105 131 0.0750 375
106 108 0.0590 375
107 108 0.0170 375
107 113 0.0245 750
107 116 0.0520 375
108 109 0.0260 375
108 111 0.0230 375
109 110 0.0140 375
110 113 0.0130 750
111 112 0.0200 750
112 115 0.0110 750
113 114 0.0680 375
115 133 0.0740 375
117 118 0.0140 131
117 121 0.0850 131
118 120 0.1270 131
118 122 0.0192 131
119 125 0.1190 131
119 140 0.0840 300
120 125 0.1040 131
121 126 0.0880 131
122 126 0.0610 131
123 124 0.0610 131
124 125 0.1650 131
124 126 0.1650 131
125 127 0.0840 300
125 128 0.0840 300
126 127 0.0840 300
126 128 0.0840 300
127 129 0.0480 375
127 130 0.0420 375
128 129 0.0480 375
130 132 0.0590 375
131 132 0.0170 375
131 137 0.0245 750
131 140 0.0520 375
132 133 0.0260 375
132 135 0.0230 375
133 134 0.0140 375
134 137 0.0130 750
135 136 0.0200 750
136 139 0.0110 750
137 138 0.0680 375
141 142 0.0140 131
141 145 0.0850 131
142 144 0.1270 131
142 146 0.1920 131
143 149 0.1190 131
143 164 0.0840 300
144 149 0.1040 131
145 150 0.0880 131
146 150 0.0610 131
147 148 0.0610 131
148 149 0.1650 131
148 150 0.1650 131
149 151 0.0840 300
149 152 0.0840 300
150 151 0.0840 300
150 152 0.0840 300
151 153 0.0480 375
151 154 0.0420 375
152 153 0.0480 375
154 156 0.0590 375
155 156 0.0170 375
155 161 0.0245 750
155 164 0.0520 375
156 157 0.0260 375
156 159 0.0230 375
157 158 0.0140 375
158 161 0.0130 750
159 160 0.0200 750
160 163 0.0110 750
161 162 0.0680 375
163 165 0.0090 542
0 93 0.0001 40
1 93 0.0001 152
93 42 0.0001 800
2 94 0.0001 40
3 94 0.0001 152
94 43 0.0001 800
95 44 0.0001 800
96 45 0.0001 800
97 46 0.0001 800
98 47 0.0001 800
4 99 0.0001 300
99 48 0.0001 800
100 49 0.0001 800
101 50 0.0001 800
102 51 0.0001 800
105 52 0.0001 800
5 105 0.0001 591
106 53 0.0001 800
107 54 0.0001 800
6 107 0.0001 60
7 107 0.0001 155
108 55 0.0001 800
8 108 0.0001 155
110 56 0.0001 800
9 110 0.0001 400
111 57 0.0001 800
112 58 0.0001 800
10 113 0.0001 400
11 114 0.0001 300
12 115 0.0001 310
13 115 0.0001 350
14 117 0.0001 40
15 117 0.0001 152
117 59 0.0001 800
16 118 0.0001 40
17 118 0.0001 152
118 60 0.0001 800
119 61 0.0001 800
120 62 0.0001 800
121 63 0.0001 800
122 64 0.0001 800
18 123 0.0001 300
123 65 0.0001 800
124 66 0.0001 800
125 67 0.0001 800
126 68 0.0001 800
129 69 0.0001 800
19 129 0.0001 591
130 70 0.0001 800
131 71 0.0001 800
20 131 0.0001 60
21 131 0.0001 155
132 72 0.0001 800
22 132 0.0001 155
134 73 0.0001 800
23 134 0.0001 400
135 74 0.0001 800
136 75 0.0001 800
24 137 0.0001 400
25 138 0.0001 300
26 139 0.0001 310
27 139 0.0001 350
28 141 0.0001 40
29 141 0.0001 152
141 76 0.0001 800
142 77 0.0001 800
30 142 0.0001 40
31 142 0.0001 152
143 78 0.0001 800
144 79 0.0001 800
145 80 0.0001 800
146 81 0.0001 800
147 82 0.0001 800
32 147 0.0001 300
148 83 0.0001 800
149 84 0.0001 800
150 85 0.0001 800
153 86 0.0001 800
33 153 0.0001 591
154 87 0.0001 800
155 88 0.0001 800
34 155 0.0001 60
35 155 0.0001 155
156 89 0.0001 800
36 156 0.0001 155
158 90 0.0001 800
37 158 0.0001 400
159 91 0.0001 800
160 92 0.0001 800
38 161 0.0001 400
39 162 0.0001 300
40 163 0.0001 310
41 163 0.0001 350
109 166 0.0525 375
114 166 0.0525 375
133 167 0.0525 375
138 167 0.0525 375
157 168 0.0525 375
162 168 0.0525 375
139 169 0.0520 375
158 169 0.0520 375
113 170 0.0485 375
165 170 0.0485 375
104 171 0.0485 375
115 171 0.0485 375
128 172 0.0485 375
139 172 0.0485 375
152 173 0.0435 375
163 173 0.0435 375
105 174 0.0435 375
115 174 0.0435 375
129 175 0.0435 375
139 175 0.0435 375
153 176 0.0435 375
163 176 0.0435 375
93 177 0.1055 131
95 177 0.1055 131
117 178 0.1055 131
119 178 0.1055 131
141 179 0.1055 131
143 179 0.1055 131
94 180 0.0635 131
96 180 0.0635 131
181 166 0.0001 350
182 167 0.0001 350
183 168 0.0001 350
184 169 0.0001 350
185 170 0.0001 350
186 171 0.0001 350
187 172 0.0001 350
188 173 0.0001 350
189 174 0.0001 350
190 175 0.0001 350
191 176 0.0001 350
192 177 0.0001 350
193 178 0.0001 350
194 179 0.0001 350
195 180 0.0001 350
196 110 0.0001 55
197 134 0.0001 55
198 158 0.0001 55
199 107 0.0001 55
200 131 0.0001 55
201 155 0.0001 55
202 105 0.0001 55
203 129 0.0001 55
204 153 0.0001 55
205 102 0.0001 55
206 126 0.0001 55
207 150 0.0001 55
208 178 0.0001 19
209 118 0.0001 19
210 150 0.0001 19
211 122 0.0001 19
212 133 0.0001 56
213 173 0.0001 56
214 157 0.0001 56
215 109 0.0001 56
216 132 0.0001 56
217 156 0.0001 56
